0.000000E+00	3.643101E-02
2.000000E-03	3.643090E-02
4.000000E-03	3.643056E-02
6.000000E-03	3.642999E-02
8.000000E-03	3.642920E-02
1.000000E-02	3.642818E-02
1.200000E-02	3.642693E-02
1.400000E-02	3.642546E-02
1.600000E-02	3.642377E-02
1.800000E-02	3.642186E-02
2.000000E-02	3.641974E-02
2.200000E-02	3.641739E-02
2.400000E-02	3.641483E-02
2.600000E-02	3.641206E-02
2.800000E-02	3.640909E-02
3.000000E-02	3.640590E-02
3.200000E-02	3.640252E-02
3.400000E-02	3.639894E-02
3.600000E-02	3.639516E-02
3.800000E-02	3.639119E-02
4.000000E-02	3.638703E-02
4.200000E-02	3.638269E-02
4.400000E-02	3.637817E-02
4.600000E-02	3.637347E-02
4.800000E-02	3.636860E-02
5.000000E-02	3.636357E-02
5.200000E-02	3.635836E-02
5.400000E-02	3.635302E-02
5.600000E-02	3.634752E-02
5.800000E-02	3.634187E-02
6.000000E-02	3.633609E-02
6.200000E-02	3.633019E-02
6.400000E-02	3.632396E-02
6.600000E-02	3.631779E-02
6.800000E-02	3.631151E-02
7.000000E-02	3.630512E-02
7.200000E-02	3.629861E-02
7.400000E-02	3.629201E-02
7.600000E-02	3.628532E-02
7.800000E-02	3.627854E-02
8.000000E-02	3.627167E-02
8.200000E-02	3.626473E-02
8.400000E-02	3.625772E-02
8.600000E-02	3.625062E-02
8.800000E-02	3.624349E-02
9.000000E-02	3.623630E-02
9.200000E-02	3.622907E-02
9.400000E-02	3.622181E-02
9.600000E-02	3.621451E-02
9.800000E-02	3.620717E-02
1.000000E-01	3.619981E-02
1.020000E-01	3.619243E-02
1.040000E-01	3.618504E-02
1.060000E-01	3.617765E-02
1.080000E-01	3.617026E-02
1.100000E-01	3.616287E-02
1.120000E-01	3.615552E-02
1.140000E-01	3.614815E-02
1.160000E-01	3.614080E-02
1.180000E-01	3.613348E-02
1.200000E-01	3.612618E-02
1.220000E-01	3.611892E-02
1.240000E-01	3.611169E-02
1.260000E-01	3.610456E-02
1.280000E-01	3.609740E-02
1.300000E-01	3.609032E-02
1.320000E-01	3.608330E-02
1.340000E-01	3.607634E-02
1.360000E-01	3.606944E-02
1.380000E-01	3.606261E-02
1.400000E-01	3.605585E-02
1.420000E-01	3.604915E-02
1.440000E-01	3.604254E-02
1.460000E-01	3.603600E-02
1.480000E-01	3.602954E-02
1.500000E-01	3.602316E-02
1.520000E-01	3.601686E-02
1.540000E-01	3.601065E-02
1.560000E-01	3.600452E-02
1.580000E-01	3.599849E-02
1.600000E-01	3.599254E-02
1.620000E-01	3.598667E-02
1.640000E-01	3.598090E-02
1.660000E-01	3.597522E-02
1.680000E-01	3.596963E-02
1.700000E-01	3.596414E-02
1.720000E-01	3.595875E-02
1.740000E-01	3.595343E-02
1.760000E-01	3.594827E-02
1.780000E-01	3.594313E-02
1.800000E-01	3.593807E-02
1.820000E-01	3.593310E-02
1.840000E-01	3.592822E-02
1.860000E-01	3.592341E-02
1.880000E-01	3.591869E-02
1.900000E-01	3.591404E-02
1.920000E-01	3.590947E-02
1.940000E-01	3.590496E-02
1.960000E-01	3.590053E-02
1.980000E-01	3.589615E-02
2.000000E-01	3.589185E-02
2.020000E-01	3.588760E-02
2.040000E-01	3.588341E-02
2.060000E-01	3.587927E-02
2.080000E-01	3.587518E-02
2.100000E-01	3.587114E-02
2.120000E-01	3.586714E-02
2.140000E-01	3.586316E-02
2.160000E-01	3.585921E-02
2.180000E-01	3.585529E-02
2.200000E-01	3.585139E-02
2.220000E-01	3.584750E-02
2.240000E-01	3.584363E-02
2.260000E-01	3.583975E-02
2.280000E-01	3.583585E-02
2.300000E-01	3.583197E-02
2.320000E-01	3.582808E-02
2.340000E-01	3.582416E-02
2.360000E-01	3.582023E-02
2.380000E-01	3.581626E-02
2.400000E-01	3.581225E-02
2.420000E-01	3.580819E-02
2.440000E-01	3.580409E-02
2.460000E-01	3.579994E-02
2.480000E-01	3.579572E-02
2.500000E-01	3.579143E-02
2.520000E-01	3.578702E-02
2.540000E-01	3.578263E-02
2.560000E-01	3.577810E-02
2.580000E-01	3.577347E-02
2.600000E-01	3.576874E-02
2.620000E-01	3.576389E-02
2.640000E-01	3.575894E-02
2.660000E-01	3.575386E-02
2.680000E-01	3.574865E-02
2.700000E-01	3.574330E-02
2.720000E-01	3.573781E-02
2.740000E-01	3.573218E-02
2.760000E-01	3.572638E-02
2.780000E-01	3.572042E-02
2.800000E-01	3.571430E-02
2.820000E-01	3.570799E-02
2.840000E-01	3.570150E-02
2.860000E-01	3.569483E-02
2.880000E-01	3.568795E-02
2.900000E-01	3.568088E-02
2.920000E-01	3.568217E-02
2.940000E-01	3.566609E-02
2.960000E-01	3.565837E-02
2.980000E-01	3.565042E-02
3.000000E-01	3.564223E-02
3.020000E-01	3.563378E-02
3.040000E-01	3.562510E-02
3.060000E-01	3.561618E-02
3.080000E-01	3.560700E-02
3.100000E-01	3.559755E-02
3.120000E-01	3.558783E-02
3.140000E-01	3.557783E-02
3.160000E-01	3.556756E-02
3.180000E-01	3.555700E-02
3.200000E-01	3.554615E-02
3.220000E-01	3.554405E-02
3.240000E-01	3.552355E-02
3.260000E-01	3.551179E-02
3.280000E-01	3.549972E-02
3.300000E-01	3.548733E-02
3.320000E-01	3.547462E-02
3.340000E-01	3.546159E-02
3.360000E-01	3.544822E-02
3.380000E-01	3.543452E-02
3.400000E-01	3.542048E-02
3.420000E-01	3.540609E-02
3.440000E-01	3.539136E-02
3.460000E-01	3.537627E-02
3.480000E-01	3.536082E-02
3.500000E-01	3.534501E-02
3.520000E-01	3.532883E-02
3.540000E-01	3.531229E-02
3.560000E-01	3.529537E-02
3.580000E-01	3.527808E-02
3.600000E-01	3.526041E-02
3.620000E-01	3.524235E-02
3.640000E-01	3.522391E-02
3.660000E-01	3.520508E-02
3.680000E-01	3.518586E-02
3.700000E-01	3.516624E-02
3.720000E-01	3.514623E-02
3.740000E-01	3.512581E-02
3.760000E-01	3.510499E-02
3.780000E-01	3.508381E-02
3.800000E-01	3.506213E-02
3.820000E-01	3.504008E-02
3.840000E-01	3.501762E-02
3.860000E-01	3.499474E-02
3.880000E-01	3.497144E-02
3.900000E-01	3.494772E-02
3.920000E-01	3.492358E-02
3.940000E-01	3.489901E-02
3.960000E-01	3.487401E-02
3.980000E-01	3.484859E-02
4.000000E-01	3.482273E-02
4.020000E-01	3.479644E-02
4.040000E-01	3.476971E-02
4.060000E-01	3.474255E-02
4.080000E-01	3.471494E-02
4.100000E-01	3.468690E-02
4.120000E-01	3.465841E-02
4.140000E-01	3.462948E-02
4.160000E-01	3.460010E-02
4.180000E-01	3.457028E-02
4.200000E-01	3.454000E-02
4.220000E-01	3.450928E-02
4.240000E-01	3.447810E-02
4.260000E-01	3.444647E-02
4.280000E-01	3.441441E-02
4.300000E-01	3.438187E-02
4.320000E-01	3.434888E-02
4.340000E-01	3.431542E-02
4.360000E-01	3.428150E-02
4.380000E-01	3.424713E-02
4.400000E-01	3.421229E-02
4.420000E-01	3.417698E-02
4.440000E-01	3.414122E-02
4.460000E-01	3.410498E-02
4.480000E-01	3.406828E-02
4.500000E-01	3.403111E-02
4.520000E-01	3.399347E-02
4.540000E-01	3.395537E-02
4.560000E-01	3.391679E-02
4.580000E-01	3.387774E-02
4.600000E-01	3.383821E-02
4.620000E-01	3.379822E-02
4.640000E-01	3.375774E-02
4.660000E-01	3.371680E-02
4.680000E-01	3.367537E-02
4.700000E-01	3.363347E-02
4.720000E-01	3.359107E-02
4.740000E-01	3.354822E-02
4.760000E-01	3.350488E-02
4.780000E-01	3.346106E-02
4.800000E-01	3.341676E-02
4.820000E-01	3.337198E-02
4.840000E-01	3.332671E-02
4.860000E-01	3.328097E-02
4.880000E-01	3.323474E-02
4.900000E-01	3.318802E-02
4.920000E-01	3.314082E-02
4.940000E-01	3.309314E-02
4.960000E-01	3.304496E-02
4.980000E-01	3.299631E-02
5.000000E-01	3.294700E-02
5.020000E-01	3.289753E-02
5.040000E-01	3.284737E-02
5.060000E-01	3.279681E-02
5.080000E-01	3.274572E-02
5.100000E-01	3.269414E-02
5.120000E-01	3.264207E-02
5.140000E-01	3.258951E-02
5.160000E-01	3.253647E-02
5.180000E-01	3.248293E-02
5.200000E-01	3.242891E-02
5.220000E-01	3.237440E-02
5.240000E-01	3.231940E-02
5.260000E-01	3.226392E-02
5.280000E-01	3.220794E-02
5.300000E-01	3.215148E-02
5.320000E-01	3.209453E-02
5.340000E-01	3.203710E-02
5.360000E-01	3.197918E-02
5.380000E-01	3.192077E-02
5.400000E-01	3.186188E-02
5.420000E-01	3.180251E-02
5.440000E-01	3.174265E-02
5.460000E-01	3.168231E-02
5.480000E-01	3.162149E-02
5.500000E-01	3.156018E-02
5.520000E-01	3.149839E-02
5.540000E-01	3.143613E-02
5.560000E-01	3.137337E-02
5.580000E-01	3.131014E-02
5.600000E-01	3.124645E-02
5.620000E-01	3.118227E-02
5.640000E-01	3.111763E-02
5.660000E-01	3.105251E-02
5.680000E-01	3.098692E-02
5.700000E-01	3.092086E-02
5.720000E-01	3.085434E-02
5.740000E-01	3.078735E-02
5.760000E-01	3.071989E-02
5.780000E-01	3.065197E-02
5.800000E-01	3.058359E-02
5.820000E-01	3.051476E-02
5.840000E-01	3.044546E-02
5.860000E-01	3.037571E-02
5.880000E-01	3.030551E-02
5.900000E-01	3.023487E-02
5.920000E-01	3.016377E-02
5.940000E-01	3.009222E-02
5.960000E-01	3.002022E-02
5.980000E-01	2.994779E-02
6.000000E-01	2.987492E-02
6.020000E-01	2.980161E-02
6.040000E-01	2.972786E-02
6.060000E-01	2.965368E-02
6.080000E-01	2.957908E-02
6.100000E-01	2.950405E-02
6.120000E-01	2.942859E-02
6.140000E-01	2.935272E-02
6.160000E-01	2.927642E-02
6.180000E-01	2.919972E-02
6.200000E-01	2.912260E-02
6.220000E-01	2.904507E-02
6.240000E-01	2.896755E-02
6.260000E-01	2.888880E-02
6.280000E-01	2.881006E-02
6.300000E-01	2.873098E-02
6.320000E-01	2.865141E-02
6.340000E-01	2.857149E-02
6.360000E-01	2.849119E-02
6.380000E-01	2.841050E-02
6.400000E-01	2.832944E-02
6.420000E-01	2.824800E-02
6.440000E-01	2.816619E-02
6.460000E-01	2.808401E-02
6.480000E-01	2.800146E-02
6.500000E-01	2.791855E-02
6.520000E-01	2.783528E-02
6.540000E-01	2.775166E-02
6.560000E-01	2.766768E-02
6.580000E-01	2.758336E-02
6.600000E-01	2.749870E-02
6.620000E-01	2.741369E-02
6.640000E-01	2.732835E-02
6.660000E-01	2.724267E-02
6.680000E-01	2.715667E-02
6.700000E-01	2.707034E-02
6.720000E-01	2.698369E-02
6.740000E-01	2.689672E-02
6.760000E-01	2.680944E-02
6.780000E-01	2.672185E-02
6.800000E-01	2.663395E-02
6.820000E-01	2.654576E-02
6.840000E-01	2.645726E-02
6.860000E-01	2.636849E-02
6.880000E-01	2.627940E-02
6.900000E-01	2.619004E-02
6.920000E-01	2.610039E-02
6.940000E-01	2.601046E-02
6.960000E-01	2.592026E-02
6.980000E-01	2.582979E-02
7.000000E-01	2.573905E-02
7.020000E-01	2.564805E-02
7.040000E-01	2.555679E-02
7.060000E-01	2.546528E-02
7.080000E-01	2.537351E-02
7.100000E-01	2.528149E-02
7.120000E-01	2.518924E-02
7.140000E-01	2.509675E-02
7.160000E-01	2.500402E-02
7.180000E-01	2.491107E-02
7.200000E-01	2.481788E-02
7.220000E-01	2.472448E-02
7.240000E-01	2.463086E-02
7.260000E-01	2.453702E-02
7.280000E-01	2.444298E-02
7.300000E-01	2.434872E-02
7.320000E-01	2.425427E-02
7.340000E-01	2.415962E-02
7.360000E-01	2.406477E-02
7.380000E-01	2.396973E-02
7.400000E-01	2.387451E-02
7.420000E-01	2.377911E-02
7.440000E-01	2.368352E-02
7.460000E-01	2.358777E-02
7.480000E-01	2.349184E-02
7.500000E-01	2.339575E-02
7.520000E-01	2.329950E-02
7.540000E-01	2.320309E-02
7.560000E-01	2.310648E-02
7.580000E-01	2.300981E-02
7.600000E-01	2.291296E-02
7.620000E-01	2.281596E-02
7.640000E-01	2.271882E-02
7.660000E-01	2.262156E-02
7.680000E-01	2.252416E-02
7.700000E-01	2.242664E-02
7.720000E-01	2.232900E-02
7.740000E-01	2.223124E-02
7.760000E-01	2.213337E-02
7.780000E-01	2.203539E-02
7.800000E-01	2.193731E-02
7.820000E-01	2.183913E-02
7.840000E-01	2.174085E-02
7.860000E-01	2.164248E-02
7.880000E-01	2.154402E-02
7.900000E-01	2.144548E-02
7.920000E-01	2.134687E-02
7.940000E-01	2.124817E-02
7.960000E-01	2.114941E-02
7.980000E-01	2.105058E-02
8.000000E-01	2.095169E-02
8.020000E-01	2.085274E-02
8.040000E-01	2.075374E-02
8.060000E-01	2.065469E-02
8.080000E-01	2.055559E-02
8.100000E-01	2.045645E-02
8.120000E-01	2.035727E-02
8.140000E-01	2.025807E-02
8.160000E-01	2.015882E-02
8.180000E-01	2.005956E-02
8.200000E-01	1.996028E-02
8.220000E-01	1.986098E-02
8.240000E-01	1.976168E-02
8.260000E-01	1.966236E-02
8.280000E-01	1.956305E-02
8.300000E-01	1.946373E-02
8.320000E-01	1.936443E-02
8.340000E-01	1.926513E-02
8.360000E-01	1.916585E-02
8.380000E-01	1.906658E-02
8.400000E-01	1.896734E-02
8.420000E-01	1.886812E-02
8.440000E-01	1.876893E-02
8.460000E-01	1.866978E-02
8.480000E-01	1.857067E-02
8.500000E-01	1.847160E-02
8.520000E-01	1.837258E-02
8.540000E-01	1.827361E-02
8.560000E-01	1.817470E-02
8.580000E-01	1.807585E-02
8.600000E-01	1.797706E-02
8.620000E-01	1.787834E-02
8.640000E-01	1.777970E-02
8.660000E-01	1.768113E-02
8.680000E-01	1.758264E-02
8.700000E-01	1.748424E-02
8.720000E-01	1.738592E-02
8.740000E-01	1.728770E-02
8.760000E-01	1.718958E-02
8.780000E-01	1.709156E-02
8.800000E-01	1.699364E-02
8.820000E-01	1.689588E-02
8.840000E-01	1.679814E-02
8.860000E-01	1.670056E-02
8.880000E-01	1.660310E-02
8.900000E-01	1.650577E-02
8.920000E-01	1.640857E-02
8.940000E-01	1.631150E-02
8.960000E-01	1.621456E-02
8.980000E-01	1.611777E-02
9.000000E-01	1.602111E-02
9.020000E-01	1.592461E-02
9.040000E-01	1.582826E-02
9.060000E-01	1.573206E-02
9.080000E-01	1.563601E-02
9.100000E-01	1.554013E-02
9.120000E-01	1.544442E-02
9.140000E-01	1.534887E-02
9.160000E-01	1.525350E-02
9.180000E-01	1.515830E-02
9.200000E-01	1.506328E-02
9.220000E-01	1.496844E-02
9.240000E-01	1.487379E-02
9.260000E-01	1.477933E-02
9.280000E-01	1.468506E-02
9.300000E-01	1.459098E-02
9.320000E-01	1.449711E-02
9.340000E-01	1.440343E-02
9.360000E-01	1.430996E-02
9.380000E-01	1.421670E-02
9.400000E-01	1.412364E-02
9.420000E-01	1.403081E-02
9.440000E-01	1.393819E-02
9.460000E-01	1.384579E-02
9.480000E-01	1.375361E-02
9.500000E-01	1.366165E-02
9.520000E-01	1.356992E-02
9.540000E-01	1.347842E-02
9.560000E-01	1.338715E-02
9.580000E-01	1.329612E-02
9.600000E-01	1.320533E-02
9.620000E-01	1.311478E-02
9.640000E-01	1.302448E-02
9.660000E-01	1.293442E-02
9.680000E-01	1.284461E-02
9.700000E-01	1.275505E-02
9.720000E-01	1.266575E-02
9.740000E-01	1.257670E-02
9.760000E-01	1.248791E-02
9.780000E-01	1.239937E-02
9.800000E-01	1.231111E-02
9.820000E-01	1.222311E-02
9.840000E-01	1.213537E-02
9.860000E-01	1.204790E-02
9.880000E-01	1.196071E-02
9.900000E-01	1.187379E-02
9.920000E-01	1.178715E-02
9.940000E-01	1.170078E-02
9.960000E-01	1.161469E-02
9.980000E-01	1.152889E-02
